   30 ENERGY =    -3.3    1
    1 C       0    2    0    1
    2 U       1    3   18    2
    3 U       2    4   17    3
    4 G       3    5   16    4
    5 C       4    6    0    5
    6 G       5    7   15    6
    7 G       6    8   14    7
    8 U       7    9   13    8
    9 C       8   10    0    9
   10 C       9   11    0   10
   11 A      10   12    0   11
   12 A      11   13    0   12
   13 G      12   14    8   13
   14 C      13   15    7   14
   15 C      14   16    6   15
   16 C      15   17    4   16
   17 G      16   18    3   17
   18 A      17   19    2   18
   19 A      18   20    0   19
   20 A      19   21    0   20
   21 C      20   22   29   21
   22 C      21   23   28   22
   23 A      22   24    0   23
   24 U      23   25    0   24
   25 C      24   26    0   25
   26 C      25   27    0   26
   27 C      26   28    0   27
   28 G      27   29   22   28
   29 G      28   30   21   29
   30 C      29    0    0   30
